﻿Section_id,Symmetry_id,Track_segment,Start_location,End_location,Start_location_mile,End_location_mile,length,Track_id,Curve_degree,Curve_direction,Cant_to_add,Cant,orig_cant,Max_speed,Max_speed_freight,Curve_radius,Max_speed_calc,Notes
0,0,0,0,734.908,,,734.908,1,1.5,1,,7,,,,3819.333333,,
1,1,1,734.908,1093.145,,,358.237,1,4,1,,7,,,,1432.25,,
2,2,2,1093.145,1775.967,,,682.822,1,0,,,,,,,,,
3,3,3,1775.967,2224.276,,,448.309,1,2.15,1,,7,,,,2664.651163,,
4,4,4,2224.276,2654.492,,,430.216,1,2,1,,7,,,,2864.5,,
5,5,5,2654.492,3022.779,,,368.287,1,2.4,1,,7,,,,2387.083333,,
6,6,6,3022.779,3342.171,,,319.392,1,1.5,1,,7,,,,3819.333333,,
7,7,7,3342.171,3477.59,,,135.419,1,1.5,1,,7,,,,3819.333333,,
8,8,8,3477.59,7244.247,,,3766.657,1,0,,,,,,,,,
9,9,9,7244.247,8131.907,,,887.66,1,1.1,1,,7,,,,5208.181818,,
10,10,10,8131.907,9561.776,,,1429.869,1,1,1,,7,,,,5729,,
11,11,11,9561.776,10572.273,,,1010.497,1,1,1,,7,,,,5729,,
12,12,12,10572.273,13636.267,,,3063.994,1,0,,,,,,,,,
13,13,13,13636.267,14160.434,,,524.167,1,1,1,,7,,,,5729,,
14,14,14,14160.434,15492.364,,,1331.93,1,0,,,,,,,,,
15,15,15,15492.364,16186.222,,,693.858,1,1,1,,7,,,,5729,,
16,16,16,16186.222,17366.516,,,1180.294,1,0,,,,,,,,,
17,17,17,17366.516,18909.361,,,1542.845,1,0.85,1,,7,,,,6740,,
18,18,18,18909.361,20546.864,,,1637.503,1,0,,,,,,,,,
19,19,19,20546.864,20965.116,,,418.252,1,0.8,1,,7,,,,7161.25,,
20,20,20,20965.116,22112.837,,,1147.721,1,0,,,,,,,,,
21,21,21,22112.837,22773.556,,,660.719,1,0.6,1,,7,,,,9548.333333,,
22,22,22,22773.556,23744.645,,,971.089,1,0,,,,,,,,,
23,23,23,23744.645,23975.032,,,230.387,1,0.2,1,,7,,,,28645,,
24,24,24,23975.032,24820.938,,,845.906,1,0,,,,,,,,,
25,25,25,24820.938,25198.671,,,377.733,1,0.2,1,,7,,,,28645,,
26,26,26,25198.671,27432.58,,,2233.909,1,0,,,,,,,,,
27,27,27,27432.58,28334.901,,,902.321,1,1,1,,7,,,,5729,,
28,28,28,28334.901,29669.034,,,1334.133,1,0,,,,,,,,,
29,29,29,29669.034,30273.318,,,604.284,1,1,1,,7,,,,5729,,
30,30,30,30273.318,30522.448,,,249.13,1,0.3,1,,7,,,,19096.66667,,
31,31,31,30522.448,30547.472,,,25.024,1,0,,,,,,,,,
32,32,32,30547.472,31065.282,,,517.81,1,0.2,1,,7,,,,28645,,
33,33,33,31065.282,31218.611,,,153.329,1,0,,,,,,,,,
34,34,34,31218.611,33607.845,,,2389.234,1,0.8,1,,7,,,,7161.25,,
35,35,35,33607.845,34220.636,,,612.791,1,1,1,,7,,,,5729,,
36,36,36,34220.636,35305.522,,,1084.886,1,0,,,,,,,,,
37,37,37,35305.522,36036.272,,,730.75,1,1.6,1,,7,,,,3580.625,,
38,38,38,36036.272,36576.787,,,540.515,1,1,1,,7,,,,5729,,
39,39,39,36576.787,36878.255,,,301.468,1,0,,,,,,,,,
40,40,40,36878.255,38241.704,,,1363.449,1,0.5,1,,7,,,,11458,,
41,41,41,38241.704,38959.482,,,717.778,1,0.5,1,,7,,,,11458,,
42,42,42,38959.482,40448.45,,,1488.968,1,0,,,,,,,,,
43,43,43,40448.45,41015.949,,,567.499,1,1.8,1,,7,,,,3182.777778,,
44,44,44,41015.949,41542.087,,,526.138,1,3,1,,7,,,,1909.666667,,
45,45,45,41542.087,41833.924,,,291.837,1,0,,,,,,,,,
46,46,46,41833.924,41912.469,,,78.545,1,1,1,,7,,,,5729,,
47,47,47,41912.469,42785.774,,,873.305,1,3.65,1,,7,,,,1569.589041,,
48,48,48,42785.774,44337.5,,,1551.726,1,0,,,,,,,,,
49,49,49,44337.5,45500.189,,,1162.689,1,0.95,1,,7,,,,6030.526316,,
50,50,50,45500.189,46565.992,,,1065.803,1,0,,,,,,,,,
51,51,51,46565.992,47406.782,,,840.79,1,1.1,1,,7,,,,5208.181818,,
52,52,52,47406.782,48015.485,,,608.703,1,0,,,,,,,,,
53,53,53,48015.485,48803.349,,,787.864,1,0.6,1,,7,,,,9548.333333,,
54,54,54,48803.349,50819.932,,,2016.583,1,0,,,,,,,,,
55,55,55,50819.932,51542.873,,,722.941,1,1,1,,7,,,,5729,,
56,56,56,51542.873,51885.68,,,342.807,1,0,,,,,,,,,
57,57,57,51885.68,52782.158,,,896.478,1,0.6,1,,7,,,,9548.333333,,
58,58,58,52782.158,53974.74,,,1192.582,1,0,,,,,,,,,
59,59,59,53974.74,54230.015,,,255.275,1,0.5,1,,7,,,,11458,,
60,60,60,54230.015,56070.329,,,1840.314,1,0,,,,,,,,,
61,61,61,56070.329,56595.447,,,525.118,1,0.2,1,,7,,,,28645,,
62,62,62,56595.447,61320.252,,,4724.805,1,0,,,,,,,,,
63,63,63,61320.252,63890.83,,,2570.578,1,0.5,1,,7,,,,11458,,
64,64,64,63890.83,65584.311,,,1693.481,1,0,,,,,,,,,
65,65,65,65584.311,65837.995,,,253.684,1,0.6,1,,7,,,,9548.333333,,
66,66,66,65837.995,68658.978,,,2820.983,1,0,,,,,,,,,
67,67,67,68658.978,70120.85,,,1461.872,1,0.2,1,,7,,,,28645,,
68,68,68,70120.85,70924.788,,,803.938,1,0,,,,,,,,,
69,69,69,70924.788,71850.351,,,925.563,1,0.6,1,,7,,,,9548.333333,,
70,70,70,71850.351,73274.188,,,1423.837,1,0,,,,,,,,,
71,71,71,73274.188,74160.193,,,886.005,1,1,1,,7,,,,5729,,
72,72,72,74160.193,76327.956,,,2167.763,1,0,,,,,,,,,
73,73,73,76327.956,76965.717,,,637.761,1,1.1,1,,7,,,,5208.181818,,
74,74,74,76965.717,78268.523,,,1302.806,1,0,,,,,,,,,
75,75,75,78268.523,79446.661,,,1178.138,1,1.4,1,,7,,,,4092.142857,,
76,76,76,79446.661,80071.395,,,624.734,1,0,,,,,,,,,
77,77,77,80071.395,81287.529,,,1216.134,1,0.85,1,,7,,,,6740,,
78,78,78,81287.529,83667.139,,,2379.61,1,0,,,,,,,,,
79,79,79,83667.139,84010.272,,,343.133,1,1.2,1,,7,,,,4774.166667,,
80,80,80,84010.272,84092.462,,,82.19,1,0,,,,,,,,,
81,81,81,84092.462,84954.697,,,862.235,1,0.6,1,,7,,,,9548.333333,,
82,82,82,84954.697,87582.405,,,2627.708,1,0.2,1,,7,,,,28645,,
83,83,83,87582.405,89102.882,,,1520.477,1,0,,,,,,,,,
84,84,84,89102.882,89648.783,,,545.901,1,1.4,1,,7,,,,4092.142857,,
85,85,85,89648.783,90210.913,,,562.13,1,0,,,,,,,,,
86,86,86,90210.913,90931.877,,,720.964,1,0.5,1,,7,,,,11458,,
87,87,87,90931.877,94904.11,,,3972.233,1,0,,,,,,,,,
88,88,88,94904.11,96520.451,,,1616.341,1,1.2,1,,7,,,,4774.166667,,
89,89,89,96520.451,97558.964,,,1038.513,1,0,,,,,,,,,
90,90,90,97558.964,99197.1,,,1638.136,1,0.7,1,,7,,,,8184.285714,,
91,91,91,99197.1,101592.39,,,2395.29,1,0,,,,,,,,,
92,92,92,101592.39,102842.974,,,1250.584,1,1,1,,7,,,,5729,,
93,93,93,102842.974,104227.243,,,1384.269,1,0,,,,,,,,,
94,94,94,104227.243,105026.725,,,799.482,1,0.6,1,,7,,,,9548.333333,,
95,95,95,105026.725,109999.9,,,4973.175,1,0,,,,,,,,,
96,96,96,109999.9,111868.596,,,1868.696,1,0.25,1,,7,,,,22916,,
97,97,97,111868.596,112878.381,,,1009.785,1,0.55,1,,7,,,,10416.36364,,
98,98,98,112878.381,115772.78,,,2894.399,1,0,,,,,,,,,
99,99,99,115772.78,116254.064,,,481.284,1,0.2,1,,7,,,,28645,,
100,100,100,116254.064,122533.536,,,6279.472,1,0,,,,,,,,,
101,101,101,122533.536,122633.093,,,99.557,1,0.3,1,,7,,,,19096.66667,,
102,102,102,122633.093,123074.73,,,441.637,1,0,,,,,,,,,
103,103,103,123074.73,123830.819,,,756.089,1,1.2,1,,7,,,,4774.166667,,
104,104,104,123830.819,125663.958,,,1833.139,1,0,,,,,,,,,
105,105,105,125663.958,125838.593,,,174.635,1,0.35,1,,7,,,,16368.57143,,
106,106,106,125838.593,125997.84,,,159.247,1,0.2,1,,7,,,,28645,,
107,107,107,125997.84,127262.645,,,1264.805,1,0,,,,,,,,,
108,108,108,127262.645,130947.476,,,3684.831,1,0.35,1,,7,,,,16368.57143,,
109,109,109,130947.476,135748.126,,,4800.65,1,0,,,,,,,,,
110,110,110,135748.126,136226.747,,,478.621,1,0.95,1,,7,,,,6030.526316,,
111,111,111,136226.747,136635.707,,,408.96,1,1,1,,7,,,,5729,,
112,112,112,136635.707,137164.562,,,528.855,1,0,,,,,,,,,
113,113,113,137164.562,137909.829,,,745.267,1,0.65,1,,7,,,,8813.846154,,
114,114,114,137909.829,139519.877,,,1610.048,1,1,1,,7,,,,5729,,
115,115,115,139519.877,139978.322,,,458.445,1,0,,,,,,,,,
116,116,116,139978.322,140998.891,,,1020.569,1,0.9,1,,7,,,,6365.555556,,
117,117,117,140998.891,142067.819,,,1068.928,1,0.5,1,,7,,,,11458,,
118,118,118,142067.819,142301.747,,,233.928,1,0.55,1,,7,,,,10416.36364,,
119,119,119,142301.747,142816.674,,,514.927,1,0,,,,,,,,,
120,120,120,142816.674,144505.674,,,1689,1,0.75,1,,7,,,,7638.666667,,
121,121,121,144505.674,145492.419,,,986.745,1,0,,,,,,,,,
122,122,122,145492.419,145811.413,,,318.994,1,1,1,,7,,,,5729,,
123,123,123,145811.413,146438.34,,,626.927,1,2,1,,7,,,,2864.5,,
124,124,124,146438.34,147189.799,,,751.459,1,0,,,,,,,,,
125,125,125,147189.799,147717.733,,,527.934,1,2,1,,7,,,,2864.5,,
126,126,126,147717.733,148765.683,,,1047.95,1,0,,,,,,,,,
127,127,127,148765.683,149255.689,,,490.006,1,4.2,1,,7,,,,1364.047619,,
128,128,128,149255.689,149435.114,,,179.425,1,0,,,,,,,,,
129,129,129,149435.114,149971.686,,,536.572,1,4.4,1,,7,,,,1302.045455,,
130,130,130,149971.686,151000.76,,,1029.074,1,0,,,,,,,,,
131,131,131,151000.76,151141.053,,,140.293,1,2,1,,7,,,,2864.5,,
132,132,132,151141.053,151299.608,,,158.555,1,0,,,,,,,,,
133,133,133,151299.608,151387.179,,,87.571,1,1,1,,7,,,,5729,,
134,134,134,151387.179,151707.612,,,320.433,1,0,,,,,,,,,
,,,,,,,,,,,,,,,,,,
141,0,141,151707.612,152131.557,,,423.945,1,0,,,,,,,,,
142,1,142,152131.557,152269.341,,,137.784,1,5.73,1,,7,,,,999.8254799,,
143,2,143,152269.341,152550.094,,,280.753,1,0,,,,,,,,,
144,3,144,152550.094,153063.854,,,513.76,1,3.8,1,,7,,,,1507.631579,,
145,4,145,153063.854,153871.187,,,807.333,1,0,,,,,,,,,
146,5,146,153871.187,155513.29,,,1642.103,1,1.43,1,,7,,,,4006.293706,,
147,6,147,155513.29,156983.589,,,1470.299,1,0.6,1,,7,,,,9548.333333,,
148,7,148,156983.589,158266.04,,,1282.451,1,0,,,,,,,,,
149,8,149,158266.04,158543.433,,,277.393,1,1.6,1,,7,,,,3580.625,,
150,9,150,158543.433,158902.386,,,358.953,1,2,1,,7,,,,2864.5,,
151,10,151,158902.386,159097.837,,,195.451,1,0,,,,,,,,,
152,11,152,159097.837,159280.955,,,183.118,1,1.1,1,,7,,,,5208.181818,,
153,12,153,159280.955,159686.248,,,405.293,1,0,,,,,,,,,
154,13,154,159686.248,159753.041,,,66.793,1,0.2,1,,7,,,,28645,,
155,14,155,159753.041,161519.298,,,1766.257,1,0,,,,,,,,,
156,15,156,161519.298,162647.818,,,1128.52,1,1,1,,7,,,,5729,,
157,16,157,162647.818,163823.366,,,1175.548,1,0,,,,,,,,,
158,17,158,163823.366,164082.16,,,258.794,1,0.2,1,,7,,,,28645,,
159,18,159,164082.16,164868.955,,,786.795,1,0,,,,,,,,,
160,19,160,164868.955,165182.437,,,313.482,1,1.15,1,,7,,,,4981.73913,,
161,20,161,165182.437,165497.273,,,314.836,1,0,,,,,,,,,
162,21,162,165497.273,165993.117,,,495.844,1,1,1,,7,,,,5729,,
163,22,163,165993.117,166393.302,,,400.185,1,0,,,,,,,,,
164,23,164,166393.302,166956.313,,,563.011,1,0.5,1,,7,,,,11458,,
165,24,165,166956.313,167976.928,,,1020.615,1,0,,,,,,,,,
166,25,166,167976.928,168918.063,,,941.135,1,1,1,,7,,,,5729,,
167,26,167,168918.063,169649.666,,,731.603,1,0,,,,,,,,,
168,27,168,169649.666,170372.737,,,723.071,1,1.5,1,,7,,,,3819.333333,,
169,28,169,170372.737,172274.865,,,1902.128,1,0,,,,,,,,,
170,29,170,172274.865,172945.925,,,671.06,1,0.55,1,,7,,,,10416.36364,,
171,30,171,172945.925,175564.864,,,2618.939,1,0,,,,,,,,,
172,31,172,175564.864,176061.7,,,496.836,1,0.9,1,,7,,,,6365.555556,,
173,32,173,176061.7,176497.133,,,435.433,1,0,,,,,,,,,
174,33,174,176497.133,177336.864,,,839.731,1,0.85,1,,7,,,,6740,,
175,34,175,177336.864,180442.268,,,3105.404,1,0,,,,,,,,,
176,35,176,180442.268,180922.619,,,480.351,1,0.9,1,,7,,,,6365.555556,,
177,36,177,180922.619,181522.571,,,599.952,1,0,,,,,,,,,
178,37,178,181522.571,182426.865,,,904.294,1,0.85,1,,7,,,,6740,,
179,38,179,182426.865,183689.826,,,1262.961,1,0,,,,,,,,,
180,39,180,183689.826,184369.707,,,679.881,1,0.95,1,,7,,,,6030.526316,,
181,40,181,184369.707,185368.57,,,998.863,1,0,,,,,,,,,
182,41,182,185368.57,185826.973,,,458.403,1,0.9,1,,7,,,,6365.555556,,
183,42,183,185826.973,185894.084,,,67.111,1,0,,,,,,,,,
184,43,184,185894.084,187272.468,,,1378.384,1,0.9,1,,7,,,,6365.555556,,
185,44,185,187272.468,187555.925,,,283.457,1,0,,,,,,,,,
186,45,186,187555.925,187772.662,,,216.737,1,0.65,1,,7,,,,8813.846154,,
187,46,187,187772.662,188274.331,,,501.669,1,0,,,,,,,,,
188,47,188,188274.331,188765.144,,,490.813,1,0.95,1,,7,,,,6030.526316,,
189,48,189,188765.144,189953.866,,,1188.722,1,0,,,,,,,,,
190,49,190,189953.866,190855.082,,,901.216,1,0.45,1,,7,,,,12731.11111,,
191,50,191,190855.082,191401.132,,,546.05,1,0,,,,,,,,,
192,51,192,191401.132,191765.254,,,364.122,1,0.85,1,,7,,,,6740,,
193,52,193,191765.254,194487.381,,,2722.127,1,0,,,,,,,,,
194,53,194,194487.381,194661.649,,,174.268,1,0.35,1,,7,,,,16368.57143,,
195,54,195,194661.649,199803.2,,,5141.551,1,0,,,,,,,,,
196,55,196,199803.2,200333.383,,,530.183,1,1,1,,7,,,,5729,,
197,56,197,200333.383,200969.021,,,635.638,1,0,,,,,,,,,
198,57,198,200969.021,201458.036,,,489.015,1,1,1,,7,,,,5729,,
199,58,199,201458.036,202150.549,,,692.513,1,0,,,,,,,,,
200,59,200,202150.549,202648.229,,,497.68,1,1.1,1,,7,,,,5208.181818,,
201,60,201,202648.229,203226.018,,,577.789,1,0,,,,,,,,,
202,61,202,203226.018,203866.336,,,640.318,1,0.4,1,,7,,,,14322.5,,
203,62,203,203866.336,205215.645,,,1349.309,1,0,,,,,,,,,
204,63,204,205215.645,205582.531,,,366.886,1,1,1,,7,,,,5729,,
205,64,205,205582.531,205913.865,,,331.334,1,0.3,1,,7,,,,19096.66667,,
206,65,206,205913.865,206380.529,,,466.664,1,0,,,,,,,,,
207,66,207,206380.529,207848.75,,,1468.221,1,0.8,1,,7,,,,7161.25,,
208,67,208,207848.75,208872.991,,,1024.241,1,0.6,1,,7,,,,9548.333333,,
209,68,209,208872.991,212922.807,,,4049.816,1,0,,,,,,,,,
210,69,210,212922.807,213757.557,,,834.75,1,1,1,,7,,,,5729,,
211,70,211,213757.557,215274.981,,,1517.424,1,0,,,,,,,,,
212,71,212,215274.981,215882.774,,,607.793,1,2.8,1,,7,,,,2046.071429,,
213,72,213,215882.774,216307.633,,,424.859,1,0,,,,,,,,,
214,73,214,216307.633,216921.446,,,613.813,1,0,,,,,,,,,
135,0,0,0,241.428,,,241.428,2,0,,,,,,,,,
136,1,1,241.428,630.777,,,389.349,2,9.55,1,,7,,,,599.895288,,
137,2,2,630.777,1104.054,,,473.277,2,0,,,,,,,,,
138,3,3,1104.054,1353.609,,,249.555,2,4.77,1,,7,,,,1201.048218,,
139,4,4,1353.609,1545.362,,,191.753,2,0,,,,,,,,,
140,5,5,1545.362,1810.697,,,265.335,2,2,1,,7,,,,2864.5,,