﻿Section_id,Symmetry_id,Track_segment,Start_location,End_location,Start_location_mile,End_location_mile,length,Track_id,Curve_degree,Curve_direction,Cant_to_add,Cant,orig_cant,Max_speed,Max_speed_freight,Curve_radius,Max_speed_calc,Notes
0,0,0,0,4050.683,0,4050.683,4050.683,1,0,,,0,,,,,,
1,1,1,4050.683,5061.446,4050.683,5061.446,1010.763,1,2,1,,7,,,,2864.5,,
2,2,2,5061.446,7815.192,5061.446,7815.192,2753.746,1,0,,,0,,,,,,
3,3,3,7815.192,8860.902,7815.192,8860.902,1045.71,1,0.5,1,,7,,,,11458,,
4,4,4,8860.902,11182.734,8860.902,11182.734,2321.832,1,0,,,0,,,,,,
5,5,5,11182.734,12094.864,11182.734,12094.864,912.13,1,0.55,1,,7,,,,10416.36364,,
6,6,6,12094.864,12380.488,12094.864,12380.488,285.624,1,0.55,1,,7,,,,10416.36364,,
7,7,7,12380.488,14047.777,12380.488,14047.777,1667.289,1,0,,,0,,,,,,
8,8,8,14047.777,14421.967,14047.777,14421.967,374.19,1,3.35,1,,7,,,,1710.149254,,
9,9,9,14421.967,14574.968,14421.967,14574.968,153.001,1,0,,,0,,,,,,
10,10,10,14574.968,14866.409,14574.968,14866.409,291.441,1,0.67,1,,7,,,,8550.746269,,
11,11,11,14866.409,14956.823,14866.409,14956.823,90.414,1,0,,,0,,,,,,
12,12,12,14956.823,15111.353,14956.823,15111.353,154.53,1,0.67,1,,7,,,,8550.746269,,
13,13,13,15111.353,15216.004,15111.353,15216.004,104.651,1,0,,,0,,,,,,
14,14,14,15216.004,15644.987,15216.004,15644.987,428.983,1,1.5,1,,7,,,,3819.333333,,
15,15,15,15644.987,15719.647,15644.987,15719.647,74.66,1,0,,,0,,,,,,
16,16,16,15719.647,15887.525,15719.647,15887.525,167.878,1,0.67,1,,7,,,,8550.746269,,
17,17,17,15887.525,16317.549,15887.525,16317.549,430.024,1,0,,,0,,,,,,
18,18,18,16317.549,16459.801,16317.549,16459.801,142.252,1,0,,,0,,,,,,
19,19,19,16459.801,17874.404,16459.801,17874.404,1414.603,1,0,,,0,,,,,,
20,20,20,17874.404,18386.029,17874.404,18386.029,511.625,1,1.5,1,,7,,,,3819.333333,,
21,21,21,18386.029,21386.993,18386.029,21386.993,3000.964,1,0,,,0,,,,,,
22,22,22,21386.993,21758.465,21386.993,21758.465,371.472,1,0.37,1,,7,,,,15483.78378,,
23,23,23,21758.465,22315.382,21758.465,22315.382,556.917,1,0,,,0,,,,,,
24,24,24,22315.382,22623.93,22315.382,22623.93,308.548,1,0.07,1,,7,,,,81842.85714,,
25,25,25,22623.93,24104.324,22623.93,24104.324,1480.394,1,0,,,0,,,,,,
26,26,26,24104.324,24428.2,24104.324,24428.2,323.876,1,2,1,,7,,,,2864.5,,
27,27,27,24428.2,24507.875,24428.2,24507.875,79.675,1,0,,,0,,,,,,
28,28,28,24507.875,25205.125,24507.875,25205.125,697.25,1,2.35,1,,7,,,,2437.87234,,
29,29,29,25205.125,30489.827,25205.125,30489.827,5284.702,1,0,,,0,,,,,,
30,30,30,30489.827,30553.411,30489.827,30553.411,63.584,1,0.5,1,,7,,,,11458,,
31,31,31,30553.411,31142.203,30553.411,31142.203,588.792,1,0,,,0,,,,,,
32,32,32,31142.203,31685.112,31142.203,31685.112,542.909,1,0,,,0,,,,,,
33,33,33,31685.112,32103.911,31685.112,32103.911,418.799,1,0.75,1,,7,,,,7638.666667,,
34,34,34,32103.911,32269.684,32103.911,32269.684,165.773,1,0,,,0,,,,,,
35,35,35,32269.684,32981.863,32269.684,32981.863,712.179,1,0.5,1,,7,,,,11458,,
36,36,36,32981.863,34229.465,32981.863,34229.465,1247.602,1,0,,,0,,,,,,
37,37,37,34229.465,35052.917,34229.465,35052.917,823.452,1,0.37,1,,7,,,,15483.78378,,
38,38,38,35052.917,36438.029,35052.917,36438.029,1385.112,1,0,,,0,,,,,,
39,39,39,36438.029,36721.938,36438.029,36721.938,283.909,1,0.75,1,,7,,,,7638.666667,,
40,40,40,36721.938,36741.551,36721.938,36741.551,19.613,1,0,,,0,,,,,,
41,41,41,36741.551,37053.055,36741.551,37053.055,311.504,1,0.75,1,,7,,,,7638.666667,,
42,42,42,37053.055,37765.32,37053.055,37765.32,712.265,1,0,,,0,,,,,,
43,43,43,37765.32,38111.67,37765.32,38111.67,346.35,1,0.82,1,,7,,,,6986.585366,,
44,44,44,38111.67,38333.063,38111.67,38333.063,221.393,1,0,,,0,,,,,,
45,45,45,38333.063,39431.372,38333.063,39431.372,1098.309,1,0.75,1,,7,,,,7638.666667,,
46,46,46,39431.372,39672.062,39431.372,39672.062,240.69,1,0,,,0,,,,,,
47,47,47,39672.062,39943.228,39672.062,39943.228,271.166,1,1.25,1,,7,,,,4583.2,,
48,48,48,39943.228,40362.046,39943.228,40362.046,418.818,1,0,,,0,,,,,,
49,49,49,40362.046,41037.574,40362.046,41037.574,675.528,1,1.5,1,,7,,,,3819.333333,,
50,50,50,41037.574,41329.262,41037.574,41329.262,291.688,1,0,,,0,,,,,,
51,51,51,41329.262,42719.808,41329.262,42719.808,1390.546,1,1.25,1,,7,,,,4583.2,,
52,52,52,42719.808,43932.911,42719.808,43932.911,1213.103,1,0,,,0,,,,,,
53,53,53,43932.911,44278.735,43932.911,44278.735,345.824,1,1.87,1,,7,,,,3063.636364,,
54,54,54,44278.735,44578.044,44278.735,44578.044,299.309,1,0,,,0,,,,,,
55,55,55,44578.044,44942.084,44578.044,44942.084,364.04,1,1.5,1,,7,,,,3819.333333,,
56,56,56,44942.084,45322.466,44942.084,45322.466,380.382,1,1.5,1,,7,,,,3819.333333,,
57,57,57,45322.466,45780.746,45322.466,45780.746,458.28,1,0,,,0,,,,,,
58,58,58,45780.746,46227.467,45780.746,46227.467,446.721,1,0.92,1,,7,,,,6227.173913,,
59,59,59,46227.467,47936.092,46227.467,47936.092,1708.625,1,0,,,0,,,,,,
60,60,60,47936.092,48375.199,47936.092,48375.199,439.107,1,0.5,1,,7,,,,11458,,
61,61,61,48375.199,49917.276,48375.199,49917.276,1542.077,1,0,,,0,,,,,,
62,62,62,49917.276,50759.172,49917.276,50759.172,841.896,1,0.5,1,,7,,,,11458,,
63,63,63,50759.172,51548.734,50759.172,51548.734,789.562,1,0,,,0,,,,,,
64,64,64,51548.734,51894.98,51548.734,51894.98,346.246,1,0.5,1,,7,,,,11458,,
65,65,65,51894.98,55642.616,51894.98,55642.616,3747.636,1,0,,,0,,,,,,
66,66,66,55642.616,57013.634,55642.616,57013.634,1371.018,1,0.65,1,,7,,,,8813.846154,,
67,67,67,57013.634,64106.518,57013.634,64106.518,7092.884,1,0,,,0,,,,,,
68,68,68,64106.518,64813.631,64106.518,64813.631,707.113,1,0.37,1,,7,,,,15483.78378,,
69,69,69,64813.631,65051.668,64813.631,65051.668,238.037,1,0,,,0,,,,,,
70,70,70,65051.668,66583.109,65051.668,66583.109,1531.441,1,0.82,1,,7,,,,6986.585366,,
71,71,71,66583.109,81883.108,66583.109,81883.108,15299.999,1,0,,,0,,,,,,
72,72,72,81883.108,83304.245,81883.108,83304.245,1421.137,1,0.4,1,,7,,,,14322.5,,
73,73,73,83304.245,91421.453,83304.245,91421.453,8117.208,1,0,,,0,,,,,,
74,74,74,91421.453,92319.553,91421.453,92319.553,898.1,1,0.33,1,,7,,,,17360.60606,,
75,75,75,92319.553,93168.456,92319.553,93168.456,848.903,1,0,,,0,,,,,,
76,76,76,93168.456,93604.009,93168.456,93604.009,435.553,1,1,1,,7,,,,5729,,
77,77,77,93604.009,95043.933,93604.009,95043.933,1439.924,1,0,,,0,,,,,,
78,78,78,95043.933,96524.131,95043.933,96524.131,1480.198,1,0.62,1,,7,,,,9240.322581,,
79,79,79,96524.131,96877.058,96524.131,96877.058,352.927,1,0,,,0,,,,,,
80,80,80,96877.058,97374.964,96877.058,97374.964,497.906,1,0.2,1,,7,,,,28645,,
81,81,81,97374.964,98164.421,97374.964,98164.421,789.457,1,0,,,0,,,,,,
82,82,82,98164.421,98732.269,98164.421,98732.269,567.848,1,0.42,1,,7,,,,13640.47619,,
83,83,83,98732.269,100164.723,98732.269,100164.723,1432.454,1,0,,,0,,,,,,
84,84,84,100164.723,100977.743,100164.723,100977.743,813.02,1,0.75,1,,7,,,,7638.666667,,
85,85,85,100977.743,101319.091,100977.743,101319.091,341.348,1,0,,,0,,,,,,
86,86,86,101319.091,101517.938,101319.091,101517.938,198.847,1,0.75,1,,7,,,,7638.666667,,
87,11,87,101517.938,105184.077,101517.938,105184.077,3666.139,1,0,,,0,,,,,,
88,12,88,105184.077,105823.972,105184.077,105823.972,639.895,1,0.72,1,,7,,,,7956.944444,,
89,13,89,105823.972,106613.198,105823.972,106613.198,789.226,1,0,,,0,,,,,,
90,14,90,106613.198,107566.898,106613.198,107566.898,953.7,1,0.53,1,,7,,,,10809.43396,,
91,15,91,107566.898,108364.316,107566.898,108364.316,797.418,1,0.53,1,,7,,,,10809.43396,,
92,16,92,108364.316,110498.884,108364.316,110498.884,2134.568,1,0.5,1,,7,,,,11458,,
93,17,93,110498.884,111243.79,110498.884,111243.79,744.906,1,0,,,0,,,,,,
94,18,94,111243.79,111449.839,111243.79,111449.839,206.049,1,0.18,1,,7,,,,31827.77778,,
95,19,95,111449.839,113511.95,111449.839,113511.95,2062.111,1,0,,,0,,,,,,
96,20,96,113511.95,114465.952,113511.95,114465.952,954.002,1,1.28,1,,7,,,,4475.78125,,
97,21,97,114465.952,117025.11,114465.952,117025.11,2559.158,1,0,,,0,,,,,,
98,22,98,117025.11,117816.89,117025.11,117816.89,791.78,1,0.43,1,,7,,,,13323.25581,,
99,23,99,117816.89,118262.284,117816.89,118262.284,445.394,1,0,,,0,,,,,,
100,24,100,118262.284,118314.659,118262.284,118314.659,52.375,1,0,,,0,,,,,,
101,25,101,118314.659,118374.226,118314.659,118374.226,59.567,1,0,,,0,,,,,,
102,26,102,118374.226,120136.88,118374.226,120136.88,1762.654,1,0,,,0,,,,,,
103,27,103,120136.88,120557.353,120136.88,120557.353,420.473,1,1.6,1,,7,,,,3580.625,,
104,28,104,120557.353,120696.645,120557.353,120696.645,139.292,1,0,,,0,,,,,,
105,29,105,120696.645,121322.802,120696.645,121322.802,626.157,1,1.6,1,,7,,,,3580.625,,
106,30,106,121322.802,121752.458,121322.802,121752.458,429.656,1,1.6,1,,7,,,,3580.625,,
107,31,107,121752.458,122311.349,121752.458,122311.349,558.891,1,0.83,1,,7,,,,6902.409639,,
108,32,108,122311.349,123366.927,122311.349,123366.927,1055.578,1,0,,,0,,,,,,
109,33,109,123366.927,124024.439,123366.927,124024.439,657.512,1,0.8,1,,7,,,,7161.25,,
110,34,110,124024.439,124193.141,124024.439,124193.141,168.702,1,0,,,0,,,,,,
111,35,111,124193.141,124568.65,124193.141,124568.65,375.509,1,0.4,1,,7,,,,14322.5,,
112,36,112,124568.65,124879.884,124568.65,124879.884,311.234,1,1,1,,7,,,,5729,,
113,37,113,124879.884,125178.404,124879.884,125178.404,298.52,1,0.2,1,,7,,,,28645,,
114,38,114,125178.404,126510.119,125178.404,126510.119,1331.715,1,0,,,0,,,,,,
115,39,115,126510.119,127289.777,126510.119,127289.777,779.658,1,0.37,1,,7,,,,15483.78378,,
116,40,116,127289.777,128091.07,127289.777,128091.07,801.293,1,0,,,0,,,,,,
117,41,117,128091.07,128612.4,128091.07,128612.4,521.33,1,0.62,1,,7,,,,9240.322581,,
118,42,118,128612.4,129264.228,128612.4,129264.228,651.828,1,0.85,1,,7,,,,6740,,
119,43,119,129264.228,131005.85,129264.228,131005.85,1741.622,1,0,,,0,,,,,,
120,44,120,131005.85,131519.977,131005.85,131519.977,514.127,1,1.9,1,,7,,,,3015.263158,,
121,100,121,131519.977,131736.844,131519.977,131736.844,216.867,1,1.9,1,,7,,,,3015.263158,,
122,101,122,131736.844,131826.365,131736.844,131826.365,89.521,1,0,,,0,,,,,,
123,102,123,131826.365,132423.287,131826.365,132423.287,596.922,1,4,1,,7,,,,1432.25,,
124,103,124,132423.287,134445.79,132423.287,134445.79,2022.503,1,0,,,0,,,,,,
125,104,125,134445.79,135331.586,134445.79,135331.586,885.796,1,0.4,1,,7,,,,14322.5,,
126,105,126,135331.586,135984.3,135331.586,135984.3,652.714,1,2.6,1,,7,,,,2203.461538,,
127,106,127,135984.3,137143.646,135984.3,137143.646,1159.346,1,0,,,0,,,,,,
128,107,128,137143.646,137265.921,137143.646,137265.921,122.275,1,0,,,0,,,,,,
129,108,129,137265.921,137363.747,137265.921,137363.747,97.826,1,0,,,0,,,,,,
130,109,130,137363.747,137450.733,137363.747,137450.733,86.986,1,0,,,0,,,,,,
131,110,131,137450.733,137774.532,137450.733,137774.532,323.799,1,1.8,1,,7,,,,3182.777778,,
132,111,132,137774.532,137868.029,137774.532,137868.029,93.497,1,0,,,0,,,,,,
133,112,133,137868.029,137941.125,137868.029,137941.125,73.096,1,0,,,0,,,,,,
134,113,134,137941.125,138282,137941.125,138282,340.875,1,0,,,0,,,,,,
135,114,135,138282,138575.445,138282,138575.445,293.445,1,2,1,,7,,,,2864.5,,
136,115,136,138575.445,138865.752,138575.445,138865.752,290.307,1,0,,,0,,,,,,
137,116,137,138865.752,139766.507,138865.752,139766.507,900.755,1,0,,,0,,,,,,
138,117,138,139766.507,140294.895,139766.507,140294.895,528.388,1,1.8,1,,7,,,,3182.777778,,
139,118,139,140294.895,141028.145,140294.895,141028.145,733.25,1,0,,,0,,,,,,
140,119,140,141028.145,141250.549,141028.145,141250.549,222.404,1,1,1,,7,,,,5729,,
141,120,141,141250.549,141673.815,141250.549,141673.815,423.266,1,1,1,,7,,,,5729,,
142,121,142,141673.815,141999.126,141673.815,141999.126,325.311,1,0,,,0,,,,,,
143,122,143,141999.126,142464.383,141999.126,142464.383,465.257,1,5.2,1,,7,,,,1101.730769,,
144,123,144,142464.383,142916.042,142464.383,142916.042,451.659,1,2.9,1,,7,,,,1975.517241,,
145,124,145,142916.042,143198.554,142916.042,143198.554,282.512,1,0,,,0,,,,,,
146,125,146,143198.554,143728.608,143198.554,143728.608,530.054,1,2.9,1,,7,,,,1975.517241,,
147,126,147,143728.608,144078.33,143728.608,144078.33,349.722,1,0.4,1,,7,,,,14322.5,,
148,127,148,144078.33,144327.654,144078.33,144327.654,249.324,1,0,,,0,,,,,,
149,128,149,144327.654,144428.264,144327.654,144428.264,100.61,1,1.8,1,,7,,,,3182.777778,,
150,129,150,144428.264,144627.441,144428.264,144627.441,199.177,1,1.8,1,,7,,,,3182.777778,,